0 0 -4.79584e-007 1.0293e-007 8.10489e-007 1.80263e-007 -7.7428e-005 2.05078e-005 -8.42844e-006 -3.50035e-006 -0.00118008 8.72381e-005 0.000316434 9.87064e-005 1.23592e-006 -1.81919e-006 2.36141e-005 3.40657e-006 -3.06828e-005 -1.13683e-005 0.000839347 0.000181197 0.00103142 0.000180693 0 0 

0 0 -4.79584e-007 1.0293e-007 8.10489e-007 1.80263e-007 -7.7428e-005 2.05078e-005 -8.42844e-006 -3.50035e-006 -0.00118008 8.72381e-005 0.000337548 9.96553e-005 1.23592e-006 -1.81919e-006 2.36141e-005 3.40657e-006 -3.06828e-005 -1.13683e-005 0.000839347 0.000181197 0.00103142 0.000180693 0 0 

0 0 -4.79584e-007 1.0293e-007 8.10489e-007 1.80263e-007 -7.7428e-005 2.05078e-005 -8.42844e-006 -3.50035e-006 -0.00118008 8.72381e-005 0.000337548 9.96553e-005 1.23592e-006 -1.81919e-006 2.36141e-005 3.40657e-006 -3.06828e-005 -1.13683e-005 0.000839347 0.000181197 0.00103142 0.000180693 0 0 

0 0 -4.79584e-007 1.0293e-007 8.10489e-007 1.80263e-007 -7.7428e-005 2.05078e-005 -8.42844e-006 -3.50035e-006 -0.00118008 8.72381e-005 0.000336305 9.95994e-005 1.23592e-006 -1.81919e-006 2.36141e-005 3.40657e-006 -3.06828e-005 -1.13683e-005 0.000839347 0.000181197 0.00103142 0.000180693 0 0 

0 0 -4.79584e-007 1.0293e-007 8.10489e-007 1.80263e-007 -7.7428e-005 2.05078e-005 -8.42844e-006 -3.50035e-006 -0.00189285 0.00136654 0.000358399 0.00014807 -0.000202615 6.11126e-006 -0.000288677 1.50094e-005 -3.06828e-005 -1.13683e-005 0.00126777 0.00114526 0.00155363 0.00135502 0 0 
0 0 2.87751e-006 -6.17581e-007 -4.86294e-006 -1.08158e-006 0.000464568 -0.000123047 5.05706e-005 2.10021e-005 0.00779323 -0.00180273 -0.00202378 -0.000645342 0.0001384 -7.22001e-006 0.000161289 -3.2461e-005 0.000184097 6.82097e-005 -0.00546451 -0.00205125 -0.00671073 -0.00225849 0 0 
0 0 -4.79584e-007 1.0293e-007 8.10489e-007 1.80263e-007 -7.7428e-005 2.05078e-005 -8.42844e-006 -3.50035e-006 -0.00118008 8.72381e-005 0.000337548 9.96553e-005 5.92714e-005 8.38551e-006 3.29313e-005 3.82531e-006 -3.06828e-005 -1.13683e-005 0.000839347 0.000181197 0.00103142 0.000180693 0 0 
0 0 0.0129944 -0.0078985 -0.025568 0.00297659 0.02357 -0.0501619 0.282445 0.0166499 0.0757172 -0.325991 0.96521 -0.0620996 0.567079 -0.218137 0.558484 -0.233575 1.01421 0.0203691 1.01813 -0.27217 1.00083 -0.264898 1 0 
